 2.0712557000
 2.0712557000
 2.0711720000
 2.0714233000
 2.0712557000
 2.0713394000
 2.0710881000
 2.0709207000
 2.0711720000
 2.0711720000
 2.0710881000
 2.0711720000
 2.0710044000
 2.0713394000
 2.0710881000
 2.0710044000
 2.0710044000
 2.0708370000
 2.0711720000
 2.0710881000
 2.0710044000
 2.0710881000
 2.0706694000
 2.0710881000
 2.0710044000
 2.0708370000
 2.0709207000
 2.0707531000
 2.0710881000
 2.0709207000
 2.0709207000
 2.0709207000
 2.0706694000
 2.0710881000
 2.0709207000
 2.0708370000
 2.0709207000
 2.0704181000
 2.0709207000
 2.0709207000
 2.0707531000
 2.0707531000
 2.0706694000
 2.0708370000
 2.0708370000
 2.0707531000
 2.0707531000
 2.0705018000
 2.0709207000
 2.0708370000
 2.0707364000
 2.0706191000
 2.0706191000
 2.0705857000
 2.0705688000
 2.0705185000
 2.0704684000
 2.0704348000
 2.0703678000
 2.0703177000
 2.0702841000
 2.0702002000
 2.0701835000
 2.0701835000
 2.0701835000
 2.0701332000
 2.0701332000
 2.0700495000
 2.0700495000
 2.0699992000
 2.0700665000
 2.0699658000
 2.0699489000
 2.0699658000
 2.0698988000
 2.0698652000
 2.0697815000
 2.0697815000
 2.0696809000
 2.0697145000
 2.0696809000
 2.0696809000
 2.0696642000
 2.0696642000
 2.0696979000
 2.0696476000
 2.0696306000
 2.0696139000
 2.0695972000
 2.0694799000
 2.0694799000
 2.0694966000
 2.0694296000
 2.0694799000
 2.0693963000
 2.0693793000
 2.0693963000
 2.0693626000
 2.0693460000
 2.0692956000
 2.0693793000
 2.0693126000
 2.0693793000
 2.0692956000
 2.0692790000
 2.0692620000
 2.0692453000
 2.0692286000
 2.0692286000
 2.0692120000
 2.0691113000
 2.0691113000
 2.0690947000
 2.0691113000
 2.0690947000
 2.0690947000
 2.0690780000
 2.0691113000
 2.0690780000
 2.0690613000
 2.0690277000
 2.0689940000
 2.0689774000
 2.0689440000
 2.0688767000
 2.0689104000
 2.0688937000
 2.0688267000
 2.0688601000
 2.0689104000
 2.0688767000
 2.0688100000
 2.0688100000
 2.0688267000
 2.0687931000
 2.0688100000
 2.0688267000
 2.0687764000
 2.0687764000
 2.0687094000
 2.0686674000
 2.0685654000
 2.0684597000
 2.0683191000
 2.0682471000
 2.0681281000
 2.0680275000
 2.0679321000
 2.0678535000
 2.0677698000
 2.0676758000
 2.0675988000
 2.0675216000
 2.0674579000
 2.0673809000
 2.0673308000
 2.0672419000
 2.0671899000
 2.0671263000
 2.0670660000
 2.0670409000
 2.0669739000
 2.0669622000
 2.0668950000
 2.0668530000
 2.0668163000
 2.0667276000
 2.0667174000
 2.0666823000
 2.0666354000
 2.0666037000
 2.0665584000
 2.0665147000
 2.0664864000
 2.0664110000
 2.0664110000
 2.0663488000
 2.0663106000
 2.0662837000
 2.0662401000
 2.0662284000
 2.0662031000
 2.0661581000
 2.0661228000
 2.0660825000
 2.0660608000
 2.0660374000
 2.0659771000
 2.0659587000
 2.0659385000
 2.0659034000
 2.0658867000
 2.0658548000
 2.0658247000
 2.0658081000
 2.0657761000
 2.0657475000
 2.0657125000
 2.0657241000
 2.0656688000
 2.0656438000
 2.0656438000
 2.0655901000
 2.0655918000
 2.0655432000
 2.0655568000
 2.0655398000
 2.0654881000
 2.0654662000
 2.0654712000
 2.0654426000
 2.0654325000
 2.0654042000
 2.0653622000
 2.0653925000
 2.0653422000
 2.0653222000
 2.0653036000
 2.0652969000
 2.0652819000
 2.0652399000
 2.0652635000
 2.0652115000
 2.0651796000
 2.0651863000
 2.0651512000
 2.0651746000
 2.0651159000
 2.0651109000
 2.0650926000
 2.0650079000
 2.0648448000
 2.0647130000
 2.0646007000
 2.0644946000
 2.0643888000
 2.0642767000
 2.0641911000
 2.0641100000
 2.0640426000
 2.0639589000
 2.0638807000
 2.0638025000
 2.0637360000
 2.0636730000
 2.0636194000
 2.0635529000
 2.0634842000
 2.0634160000
 2.0633695000
 2.0633168000
 2.0632620000
 2.0632119000
 2.0631609000
 2.0631025000
 2.0630648000
 2.0630233000
 2.0629711000
 2.0629239000
 2.0628760000
 2.0628281000
 2.0627935000
 2.0627508000
 2.0627093000
 2.0626554000
 2.0626152000
 2.0625803000
 2.0625501000
 2.0625193000
 2.0624745000
 2.0624356000
 2.0623851000
 2.0623617000
 2.0623419000
 2.0623131000
 2.0622644000
 2.0622315000
 2.0621953000
 2.0621727000
 2.0621393000
 2.0621073000
 2.0620503000
 2.0620301000
 2.0620019000
 2.0619853000
 2.0619419000
 2.0619092000
 2.0618789000
 2.0618479000
 2.0618382000
 2.0618162000
 2.0617752000
 2.0617471000
 2.0617168000
 2.0616777000
 2.0616696000
 2.0616446000
 2.0616117000
 2.0615735000
 2.0615458000
 2.0615222000
 2.0614862000
 2.0614605000
 2.0614345000
 2.0613952000
 2.0613728000
 2.0613592000
 2.0613346000
 2.0612900000
 2.0612648000
 2.0612392000
 2.0612266000
 2.0612042000
 2.0611889000
 2.0611434000
 2.0611227000
 2.0610979000
 2.0610797000
 2.0610499000
 2.0610232000
 2.0607736000
 2.0603328000
 2.0599627000
 2.0596185000
 2.0593100000
 2.0590429000
 2.0588014000
 2.0585816000
 2.0583878000
 2.0582120000
 2.0580387000
 2.0578842000
 2.0577447000
 2.0576434000
 2.0575409000
 2.0574415000
 2.0573320000
 2.0572462000
 2.0571740000
 2.0570951000
 2.0570240000
 2.0569737000
 2.0569162000
 2.0568447000
 2.0567796000
 2.0567207000
 2.0566885000
 2.0566468000
 2.0566065000
 2.0565724000
 2.0565429000
 2.0565157000
 2.0564892000
 2.0564623000
 2.0564404000
 2.0564082000
 2.0563684000
 2.0563343000
 2.0563147000
 2.0562968000
 2.0562663000
 2.0562439000
 2.0562282000
 2.0562053000
 2.0561781000
 2.0561087000
 2.0559695000
 2.0558321000
 2.0557501000
 2.0556493000
 2.0555611000
 2.0555124000
 2.0554338000
 2.0553753000
 2.0553367000
 2.0552819000
 2.0552549000
 2.0552161000
 2.0551701000
 2.0551097000
 2.0551014000
 2.0550764000
 2.0550606000
 2.0550487000
 2.0550182000
 2.0549879000
 2.0549805000
 2.0549691000
 2.0549428000
 2.0549433000
 2.0549169000
 2.0549083000
 2.0549157000
 2.0549138000
 2.0548990000
 2.0549040000
 2.0548887000
 2.0548782000
 2.0548770000
 2.0548775000
 2.0548909000
 2.0548491000
 2.0548625000
 2.0548406000
 2.0548356000
 2.0548010000
 2.0548334000
 2.0548298000
 2.0547953000
 2.0548131000
 2.0548038000
 2.0547881000
 2.0547674000
 2.0547757000
 2.0547719000
 2.0547774000
 2.0547705000
 2.0547678000
 2.0547647000
 2.0547678000
 2.0547731000
 2.0547781000
 2.0547843000
 2.0547791000
 2.0547807000
 2.0547822000
 2.0547974000
 2.0547962000
 2.0547917000
 2.0547965000
 2.0548029000
 2.0548005000
 2.0548058000
 2.0548081000
 2.0548062000
 2.0548103000
 2.0548065000
 2.0548050000
 2.0548134000
 2.0548069000
 2.0548186000
 2.0547993000
 2.0548165000
 2.0548155000
 2.0548182000
 2.0548174000
 2.0548134000
 2.0548224000
 2.0548100000
 2.0548203000
 2.0548096000
 2.0548089000
 2.0548174000
 2.0548031000
 2.0548017000
 2.0548186000
 2.0548155000
 2.0548136000
 2.0548177000
 2.0548112000
 2.0548053000
 2.0547967000
 2.0547960000
 2.0547979000
 2.0547969000
 2.0547860000
 2.0547838000
 2.0547831000
 2.0547831000
 2.0547757000
 2.0547714000
 2.0547745000
 2.0547614000
 2.0547585000
 2.0547607000
 2.0547578000
 2.0547574000
 2.0547564000
 2.0547571000
 2.0547612000
 2.0547640000
 2.0547640000
 2.0547686000
 2.0547602000
 2.0547614000
 2.0547571000
 2.0547554000
 2.0547559000
 2.0547550000
 2.0547521000
 2.0547526000
 2.0547483000
 2.0547519000
 2.0547519000
 2.0547552000
 2.0547464000
 2.0547545000
 2.0547550000
 2.0547554000
 2.0547564000