 2.0714233000
 2.0709207000
 2.0712557000
 2.0713394000
 2.0713394000
 2.0714233000
 2.0710044000
 2.0711720000
 2.0710881000
 2.0712557000
 2.0713394000
 2.0709207000
 2.0711720000
 2.0711720000
 2.0711720000
 2.0710881000
 2.0709207000
 2.0710044000
 2.0710881000
 2.0710044000
 2.0711720000
 2.0707531000
 2.0710044000
 2.0709207000
 2.0710881000
 2.0710044000
 2.0708370000
 2.0709207000
 2.0710044000
 2.0708370000
 2.0710881000
 2.0706694000
 2.0710044000
 2.0708370000
 2.0709207000
 2.0710044000
 2.0706694000
 2.0706694000
 2.0708370000
 2.0707531000
 2.0709207000
 2.0704181000
 2.0708370000
 2.0706694000
 2.0708370000
 2.0707531000
 2.0705018000
 2.0706694000
 2.0707531000
 2.0706694000
 2.0707531000
 2.0704181000
 2.0706694000
 2.0706694000
 2.0707531000
 2.0705857000
 2.0703344000
 2.0707531000
 2.0706694000
 2.0705857000
 2.0705018000
 2.0701668000
 2.0707531000
 2.0706694000
 2.0705018000
 2.0706694000
 2.0700831000
 2.0705857000
 2.0705857000
 2.0705018000
 2.0705018000
 2.0703344000
 2.0705857000
 2.0705857000
 2.0704181000
 2.0705857000
 2.0700831000
 2.0705857000
 2.0704181000
 2.0705018000
 2.0704181000
 2.0701668000
 2.0705018000
 2.0705018000
 2.0703344000
 2.0704181000
 2.0701668000
 2.0705857000
 2.0703344000
 2.0704181000
 2.0704181000
 2.0699992000
 2.0705018000
 2.0705018000
 2.0703344000
 2.0703344000
 2.0699992000
 2.0705018000
 2.0703344000
 2.0703344000
 2.0703008000
 2.0702672000
 2.0702338000
 2.0701835000
 2.0701501000
 2.0700831000
 2.0700328000
 2.0700495000
 2.0699992000
 2.0699825000
 2.0699489000
 2.0699155000
 2.0698819000
 2.0698819000
 2.0698652000
 2.0698152000
 2.0698652000
 2.0697646000
 2.0697982000
 2.0697815000
 2.0697312000
 2.0696979000
 2.0696809000
 2.0696306000
 2.0696306000
 2.0695302000
 2.0695639000
 2.0695639000
 2.0694799000
 2.0695133000
 2.0695133000
 2.0694966000
 2.0694799000
 2.0695133000
 2.0694129000
 2.0694129000
 2.0693963000
 2.0693460000
 2.0693460000
 2.0692453000
 2.0693293000
 2.0692286000
 2.0692120000
 2.0691783000
 2.0692120000
 2.0692453000
 2.0691953000
 2.0691783000
 2.0691783000
 2.0691783000
 2.0691113000
 2.0691450000
 2.0690444000
 2.0691113000
 2.0690444000
 2.0690444000
 2.0690613000
 2.0690107000
 2.0690613000
 2.0690107000
 2.0689774000
 2.0689774000
 2.0690107000
 2.0689940000
 2.0689270000
 2.0689774000
 2.0688937000
 2.0689270000
 2.0688267000
 2.0688100000
 2.0688100000
 2.0687931000
 2.0687931000
 2.0687764000
 2.0687594000
 2.0687594000
 2.0687764000
 2.0687428000
 2.0687261000
 2.0688100000
 2.0686457000
 2.0685418000
 2.0684061000
 2.0683208000
 2.0681951000
 2.0681114000
 2.0680025000
 2.0678918000
 2.0678282000
 2.0677242000
 2.0676439000
 2.0675702000
 2.0674746000
 2.0674145000
 2.0673625000
 2.0672939000
 2.0671985000
 2.0671546000
 2.0670860000
 2.0670426000
 2.0670006000
 2.0669286000
 2.0669017000
 2.0668464000
 2.0667930000
 2.0667610000
 2.0667074000
 2.0666606000
 2.0666423000
 2.0665751000
 2.0665817000
 2.0664914000
 2.0664780000
 2.0664446000
 2.0663691000
 2.0663607000
 2.0663171000
 2.0662904000
 2.0662534000
 2.0662150000
 2.0662048000
 2.0661628000
 2.0661278000
 2.0660894000
 2.0660441000
 2.0660191000
 2.0659938000
 2.0659485000
 2.0659535000
 2.0659084000
 2.0658832000
 2.0658565000
 2.0658128000
 2.0658112000
 2.0657828000
 2.0657358000
 2.0657125000
 2.0656757000
 2.0656655000
 2.0656204000
 2.0655935000
 2.0655749000
 2.0655515000
 2.0655448000
 2.0655148000
 2.0654829000
 2.0654728000
 2.0654409000
 2.0654225000
 2.0654089000
 2.0653789000
 2.0653691000
 2.0653572000
 2.0653389000
 2.0653322000
 2.0653019000
 2.0652869000
 2.0652466000
 2.0652316000
 2.0652299000
 2.0651863000
 2.0652032000
 2.0651863000
 2.0651412000
 2.0651577000
 2.0650909000
 2.0650976000
 2.0650926000
 2.0650656000
 2.0650709000
 2.0649610000
 2.0648046000
 2.0646663000
 2.0645425000
 2.0644374000
 2.0643411000
 2.0642397000
 2.0641415000
 2.0640512000
 2.0639689000
 2.0638905000
 2.0638213000
 2.0637426000
 2.0636697000
 2.0635867000
 2.0635362000
 2.0634875000
 2.0634305000
 2.0633669000
 2.0633094000
 2.0632422000
 2.0631962000
 2.0631611000
 2.0630991000
 2.0630364000
 2.0629933000
 2.0629423000
 2.0629017000
 2.0628595000
 2.0628068000
 2.0627537000
 2.0626991000
 2.0626698000
 2.0626383000
 2.0625772000
 2.0625350000
 2.0625000000
 2.0624635000
 2.0624330000
 2.0624006000
 2.0623591000
 2.0623064000
 2.0622814000
 2.0622475000
 2.0622246000
 2.0621822000
 2.0621412000
 2.0620966000
 2.0620635000
 2.0620432000
 2.0620160000
 2.0619900000
 2.0619500000
 2.0619032000
 2.0618706000
 2.0618589000
 2.0618272000
 2.0617959000
 2.0617626000
 2.0617375000
 2.0617135000
 2.0616891000
 2.0616620000
 2.0616174000
 2.0615795000
 2.0615542000
 2.0615413000
 2.0615065000
 2.0614791000
 2.0614455000
 2.0614049000
 2.0613868000
 2.0613651000
 2.0613453000
 2.0613117000
 2.0612741000
 2.0612605000
 2.0612411000
 2.0612085000
 2.0611839000
 2.0611422000
 2.0611174000
 2.0610952000
 2.0610673000
 2.0610383000
 2.0610206000
 2.0609858000
 2.0609589000
 2.0609441000
 2.0609248000
 2.0607893000
 2.0605745000
 2.0603709000
 2.0601881000
 2.0600011000
 2.0598435000
 2.0596797000
 2.0595200000
 2.0593691000
 2.0592277000
 2.0591044000
 2.0589755000
 2.0588598000
 2.0587385000
 2.0586233000
 2.0585232000
 2.0584295000
 2.0583327000
 2.0582471000
 2.0581498000
 2.0580733000
 2.0579963000
 2.0579243000
 2.0578570000
 2.0577757000
 2.0577037000
 2.0576317000
 2.0575712000
 2.0575180000
 2.0574708000
 2.0574231000
 2.0573895000
 2.0573509000
 2.0573177000
 2.0572684000
 2.0572245000
 2.0571837000
 2.0571473000
 2.0571141000
 2.0570779000
 2.0570593000
 2.0570245000
 2.0569909000
 2.0569506000
 2.0569146000
 2.0568926000
 2.0568676000
 2.0568411000
 2.0568197000
 2.0567856000
 2.0567796000
 2.0567663000
 2.0567589000
 2.0567482000
 2.0567305000
 2.0567126000
 2.0566847000
 2.0566566000
 2.0566375000
 2.0566156000
 2.0565808000
 2.0565631000
 2.0565486000
 2.0565424000
 2.0565312000
 2.0565245000
 2.0565090000
 2.0564983000
 2.0564957000
 2.0564775000
 2.0564816000
 2.0564647000
 2.0564511000
 2.0564437000
 2.0564356000
 2.0564284000
 2.0564170000
 2.0564046000
 2.0563946000
 2.0563767000
 2.0563500000
 2.0563240000
 2.0563037000
 2.0563018000
 2.0562797000
 2.0562799000
 2.0562835000
 2.0562952000
 2.0562968000
 2.0562842000
 2.0562322000
 2.0561857000
 2.0561376000
 2.0560474000
 2.0560141000
 2.0559645000
 2.0559356000
 2.0558853000
 2.0558646000
 2.0558331000
 2.0558040000
 2.0557597000
 2.0557287000
 2.0557177000
 2.0557091000
 2.0556769000
 2.0556529000
 2.0556278000
 2.0556228000
 2.0555992000
 2.0555811000
 2.0555828000
 2.0555263000
 2.0555754000
 2.0555446000
 2.0555274000
 2.0555067000
 2.0555196000
 2.0554931000
 2.0554795000
 2.0554631000
 2.0554531000
 2.0554540000
 2.0554545000
 2.0554628000
 2.0554566000
 2.0554566000
 2.0554242000
 2.0554240000
 2.0554173000
 2.0553925000
 2.0553982000
 2.0553923000
 2.0554175000
 2.0553916000
 2.0553889000
 2.0553679000
 2.0553548000
 2.0553513000
 2.0553453000
 2.0553541000
 2.0553148000
 2.0553179000
 2.0553508000
 2.0553706000
 2.0553563000
 2.0553703000
 2.0553553000
 2.0553308000
 2.0553148000
 2.0553024000
 2.0553324000
 2.0553298000
 2.0553496000
 2.0553396000
 2.0553083000
 2.0553074000
 2.0553181000
 2.0553300000
 2.0553272000
 2.0553322000
 2.0553215000
 2.0553470000
 2.0553119000
 2.0553281000