 5.6200666000
 5.6198988000
 5.6198988000
 5.6193967000
 5.6197314000
 5.6194801000
 5.6194801000
 5.6194801000
 5.6190619000
 5.6194801000
 5.6193967000
 5.6193128000
 5.6193128000
 5.6188102000
 5.6194801000
 5.6191454000
 5.6192293000
 5.6190619000
 5.6189775000
 5.6190619000
 5.6191454000
 5.6189775000
 5.6188102000
 5.6188102000
 5.6191454000
 5.6188936000
 5.6191454000
 5.6183915000
 5.6191454000
 5.6188102000
 5.6189775000
 5.6189775000
 5.6184754000
 5.6190619000
 5.6189775000
 5.6186428000
 5.6188936000
 5.6181407000
 5.6190619000
 5.6186428000
 5.6188102000
 5.6185589000
 5.6184754000
 5.6188102000
 5.6186428000
 5.6186428000
 5.6183081000
 5.6185589000
 5.6184754000
 5.6185589000
 5.6185589000
 5.6183081000
 5.6185589000
 5.6186428000
 5.6184754000
 5.6186428000
 5.6180568000
 5.6187263000
 5.6184754000
 5.6185589000
 5.6183081000
 5.6183081000
 5.6183081000
 5.6185589000
 5.6182241000
 5.6182241000
 5.6181407000
 5.6185589000
 5.6183081000
 5.6184754000
 5.6179729000
 5.6183915000
 5.6182241000
 5.6183081000
 5.6183081000
 5.6178055000
 5.6183915000
 5.6182241000
 5.6182241000
 5.6183081000
 5.6177216000
 5.6183915000
 5.6178889000
 5.6183915000
 5.6180568000
 5.6178889000
 5.6181407000
 5.6178889000
 5.6182241000
 5.6176381000
 5.6179729000
 5.6179729000
 5.6179729000
 5.6181407000
 5.6178055000
 5.6180568000
 5.6179729000
 5.6179729000
 5.6182241000
 5.6175542000
 5.6179562000
 5.6178722000
 5.6179399000
 5.6178560000
 5.6178226000
 5.6177726000
 5.6176381000
 5.6175880000
 5.6175213000
 5.6175041000
 5.6175041000
 5.6174374000
 5.6174202000
 5.6174879000
 5.6174374000
 5.6174707000
 5.6174707000
 5.6173701000
 5.6173034000
 5.6172700000
 5.6172028000
 5.6171360000
 5.6171689000
 5.6171532000
 5.6171861000
 5.6172194000
 5.6171532000
 5.6171861000
 5.6171188000
 5.6171188000
 5.6169853000
 5.6169853000
 5.6169353000
 5.6169181000
 5.6169853000
 5.6169014000
 5.6169181000
 5.6169181000
 5.6169181000
 5.6168842000
 5.6168513000
 5.6168513000
 5.6168513000
 5.6168513000
 5.6168180000
 5.6168180000
 5.6167679000
 5.6167679000
 5.6168008000
 5.6167340000
 5.6167169000
 5.6167836000
 5.6167679000
 5.6167169000
 5.6167169000
 5.6166840000
 5.6167340000
 5.6166506000
 5.6166506000
 5.6166506000
 5.6166005000
 5.6166334000
 5.6165833000
 5.6166162000
 5.6166162000
 5.6166005000
 5.6165667000
 5.6165667000
 5.6165667000
 5.6165495000
 5.6165166000
 5.6164660000
 5.6164994000
 5.6164660000
 5.6164994000
 5.6164489000
 5.6165166000
 5.6164322000
 5.6163993000
 5.6164994000
 5.6163769000
 5.6162772000
 5.6161942000
 5.6160955000
 5.6159787000
 5.6158733000
 5.6157866000
 5.6156888000
 5.6156306000
 5.6155620000
 5.6155047000
 5.6154528000
 5.6153975000
 5.6153541000
 5.6153226000
 5.6152573000
 5.6152234000
 5.6151800000
 5.6151447000
 5.6150947000
 5.6150665000
 5.6150365000
 5.6149807000
 5.6149707000
 5.6149302000
 5.6148901000
 5.6148748000
 5.6148462000
 5.6148233000
 5.6148033000
 5.6147699000
 5.6147413000
 5.6147289000
 5.6147027000
 5.6146812000
 5.6146832000
 5.6146359000
 5.6146145000
 5.6146040000
 5.6145725000
 5.6145740000
 5.6145372000
 5.6145272000
 5.6145082000
 5.6144900000
 5.6144800000
 5.6144586000
 5.6144466000
 5.6144266000
 5.6143966000
 5.6143980000
 5.6143680000
 5.6143460000
 5.6143460000
 5.6143126000
 5.6142988000
 5.6142921000
 5.6142740000
 5.6142592000
 5.6142302000
 5.6142225000
 5.6142225000
 5.6141806000
 5.6141653000
 5.6141806000
 5.6141486000
 5.6141267000
 5.6141281000
 5.6140919000
 5.6140704000
 5.6140532000
 5.6140494000
 5.6140466000
 5.6140232000
 5.6140132000
 5.6139865000
 5.6139894000
 5.6139760000
 5.6139574000
 5.6139460000
 5.6139641000
 5.6139326000
 5.6139226000
 5.6139088000
 5.6139073000
 5.6138854000
 5.6138954000
 5.6138759000
 5.6138573000
 5.6138501000
 5.6138115000
 5.6137047000
 5.6136217000
 5.6135297000
 5.6134391000
 5.6133699000
 5.6133089000
 5.6132317000
 5.6131644000
 5.6131001000
 5.6130443000
 5.6129704000
 5.6129155000
 5.6128697000
 5.6128054000
 5.6127563000
 5.6127186000
 5.6126757000
 5.6126256000
 5.6125741000
 5.6125350000
 5.6124992000
 5.6124616000
 5.6124187000
 5.6123686000
 5.6123228000
 5.6122947000
 5.6122499000
 5.6122270000
 5.6121922000
 5.6121516000
 5.6121020000
 5.6120672000
 5.6120429000
 5.6120129000
 5.6119871000
 5.6119685000
 5.6119466000
 5.6119046000
 5.6118789000
 5.6118627000
 5.6118155000
 5.6117983000
 5.6117697000
 5.6117439000
 5.6117125000
 5.6116796000
 5.6116419000
 5.6116199000
 5.6115994000
 5.6115746000
 5.6115618000
 5.6115212000
 5.6115022000
 5.6114721000
 5.6114545000
 5.6114450000
 5.6114173000
 5.6113844000
 5.6113658000
 5.6113496000
 5.6113338000
 5.6113133000
 5.6112852000
 5.6112490000
 5.6112461000
 5.6112318000
 5.6112094000
 5.6111932000
 5.6111822000
 5.6111555000
 5.6111388000
 5.6111269000
 5.6111188000
 5.6110930000
 5.6110649000
 5.6110606000
 5.6110477000
 5.6110349000
 5.6110096000
 5.6109910000
 5.6109686000
 5.6109490000
 5.6109490000
 5.6109347000
 5.6109028000
 5.6108708000
 5.6108708000
 5.6108680000
 5.6108479000
 5.6107588000
 5.6106238000
 5.6105165000
 5.6104102000
 5.6102958000
 5.6101933000
 5.6101050000
 5.6100154000
 5.6099367000
 5.6098657000
 5.6098018000
 5.6097350000
 5.6096535000
 5.6095548000
 5.6094751000
 5.6093640000
 5.6092954000
 5.6092377000
 5.6091766000
 5.6090903000
 5.6089849000
 5.6089125000
 5.6088562000
 5.6087985000
 5.6087284000
 5.6086421000
 5.6085696000
 5.6085186000
 5.6084824000
 5.6084695000
 5.6084213000
 5.6083450000
 5.6082754000
 5.6082230000
 5.6081791000
 5.6081138000
 5.6080642000
 5.6080089000
 5.6079440000
 5.6078696000
 5.6077905000
 5.6077452000
 5.6076703000
 5.6076016000
 5.6075196000
 5.6074638000
 5.6074448000
 5.6074104000
 5.6073637000
 5.6073198000
 5.6072598000
 5.6072097000
 5.6071744000
 5.6071486000
 5.6071019000
 5.6070733000
 5.6070681000
 5.6070271000
 5.6070013000
 5.6069903000
 5.6069598000
 5.6068902000
 5.6068239000
 5.6067653000
 5.6067252000
 5.6066546000
 5.6065836000
 5.6065302000
 5.6065044000
 5.6064615000
 5.6064043000
 5.6063299000
 5.6062999000
 5.6062617000
 5.6062255000
 5.6061945000
 5.6061573000
 5.6061344000
 5.6061106000
 5.6060839000
 5.6060514000
 5.6060028000
 5.6059456000
 5.6058879000
 5.6058502000
 5.6058121000
 5.6057878000
 5.6057715000
 5.6057510000
 5.6057353000
 5.6055636000
 5.6052165000
 5.6048808000
 5.6044822000
 5.6041780000
 5.6039252000
 5.6036158000
 5.6033850000
 5.6031709000
 5.6029844000
 5.6027746000
 5.6025233000
 5.6023808000
 5.6021681000
 5.6019216000
 5.6017294000
 5.6015959000
 5.6014276000
 5.6012816000
 5.6010942000
 5.6008935000
 5.6006007000
 5.6005726000
 5.6004772000
 5.6003294000
 5.6001134000
 5.6000686000
 5.5999131000
 5.5998530000
 5.5997162000
 5.5994606000
 5.5994434000
 5.5992885000
 5.5993161000
 5.5991583000
 5.5990725000
 5.5989885000
 5.5988564000
 5.5987926000
 5.5986652000
 5.5984750000
 5.5984626000
 5.5983930000
 5.5982871000
 5.5983171000
 5.5982213000
 5.5981550000
 5.5980544000
 5.5980740000
 5.5979733000
 5.5978990000
 5.5977955000
 5.5976834000
 5.5976071000
 5.5975323000
 5.5974956000
 5.5974936000
 5.5974517000
 5.5974002000
 5.5971909000
 5.5972753000
 5.5972190000
 5.5971961000
 5.5971155000
 5.5970602000
 5.5969987000
 5.5969834000
 5.5968990000
 5.5968099000
 5.5968103000
 5.5967865000
 5.5967970000
 5.5966778000
 5.5966773000
 5.5966973000
