 2.0710044000
 2.0714233000
 2.0711720000
 2.0712557000
 2.0711720000
 2.0709207000
 2.0712557000
 2.0712557000
 2.0711720000
 2.0712557000
 2.0708370000
 2.0711720000
 2.0709207000
 2.0712557000
 2.0710044000
 2.0707531000
 2.0711720000
 2.0710044000
 2.0710044000
 2.0710881000
 2.0705857000
 2.0710881000
 2.0709207000
 2.0710881000
 2.0709207000
 2.0706694000
 2.0709207000
 2.0709207000
 2.0709207000
 2.0709207000
 2.0705018000
 2.0709207000
 2.0707531000
 2.0708370000
 2.0707531000
 2.0705857000
 2.0709207000
 2.0707531000
 2.0706694000
 2.0707531000
 2.0705018000
 2.0708370000
 2.0707531000
 2.0706694000
 2.0706694000
 2.0703344000
 2.0707531000
 2.0706694000
 2.0707531000
 2.0705018000
 2.0705297000
 2.0705438000
 2.0705159000
 2.0704739000
 2.0703623000
 2.0703623000
 2.0703902000
 2.0702505000
 2.0702646000
 2.0701251000
 2.0701530000
 2.0700693000
 2.0700133000
 2.0700693000
 2.0699713000
 2.0699575000
 2.0699434000
 2.0699155000
 2.0698457000
 2.0698457000
 2.0697899000
 2.0698180000
 2.0697341000
 2.0696783000
 2.0695667000
 2.0695806000
 2.0696225000
 2.0695806000
 2.0695248000
 2.0695386000
 2.0695248000
 2.0694828000
 2.0694687000
 2.0694687000
 2.0694270000
 2.0693991000
 2.0693431000
 2.0693293000
 2.0692873000
 2.0692453000
 2.0692315000
 2.0691895000
 2.0692174000
 2.0692036000
 2.0691617000
 2.0692036000
 2.0691617000
 2.0691617000
 2.0690918000
 2.0691199000
 2.0690780000
 2.0690360000
 2.0690222000
 2.0689523000
 2.0688965000
 2.0689523000
 2.0689523000
 2.0689244000
 2.0689104000
 2.0689104000
 2.0688686000
 2.0688546000
 2.0688546000
 2.0688128000
 2.0687985000
 2.0687428000
 2.0687289000
 2.0687428000
 2.0686591000
 2.0687149000
 2.0687428000
 2.0687568000
 2.0687149000
 2.0686731000
 2.0687289000
 2.0685489000
 2.0684273000
 2.0682921000
 2.0681565000
 2.0680561000
 2.0679486000
 2.0678325000
 2.0677266000
 2.0675926000
 2.0675018000
 2.0674250000
 2.0673189000
 2.0672450000
 2.0671625000
 2.0670843000
 2.0670075000
 2.0669420000
 2.0668974000
 2.0668442000
 2.0667551000
 2.0667145000
 2.0666599000
 2.0666125000
 2.0665538000
 2.0664885000
 2.0664756000
 2.0664201000
 2.0663459000
 2.0663347000
 2.0662873000
 2.0662048000
 2.0661590000
 2.0661461000
 2.0661070000
 2.0660625000
 2.0660374000
 2.0659940000
 2.0659802000
 2.0659158000
 2.0658934000
 2.0658433000
 2.0658195000
 2.0657973000
 2.0657470000
 2.0656981000
 2.0657036000
 2.0656590000
 2.0656354000
 2.0655947000
 2.0655808000
 2.0655262000
 2.0654871000
 2.0654833000
 2.0654581000
 2.0654063000
 2.0653813000
 2.0653548000
 2.0653408000
 2.0653017000
 2.0652626000
 2.0652542000
 2.0652390000
 2.0652235000
 2.0651886000
 2.0651355000
 2.0651355000
 2.0651355000
 2.0650895000
 2.0650854000
 2.0650768000
 2.0650475000
 2.0650156000
 2.0649931000
 2.0649779000
 2.0649610000
 2.0648575000
 2.0646930000
 2.0645180000
 2.0643694000
 2.0642471000
 2.0641356000
 2.0640278000
 2.0639167000
 2.0638084000
 2.0637238000
 2.0636425000
 2.0635567000
 2.0634785000
 2.0633934000
 2.0633264000
 2.0632625000
 2.0631874000
 2.0631087000
 2.0630598000
 2.0630081000
 2.0629499000
 2.0628879000
 2.0628171000
 2.0627618000
 2.0627224000
 2.0626500000
 2.0625956000
 2.0625494000
 2.0625021000
 2.0624533000
 2.0624063000
 2.0623479000
 2.0623126000
 2.0622704000
 2.0622239000
 2.0621774000
 2.0621271000
 2.0621023000
 2.0620718000
 2.0620234000
 2.0619760000
 2.0619395000
 2.0619059000
 2.0618634000
 2.0618196000
 2.0617847000
 2.0617514000
 2.0617182000
 2.0616715000
 2.0616438000
 2.0615928000
 2.0615716000
 2.0615504000
 2.0615070000
 2.0614755000
 2.0614331000
 2.0613990000
 2.0613799000
 2.0613315000
 2.0612972000
 2.0612805000
 2.0612423000
 2.0612116000
 2.0611866000
 2.0611365000
 2.0611131000
 2.0610957000
 2.0610569000
 2.0610197000
 2.0609837000
 2.0609591000
 2.0609467000
 2.0609102000
 2.0608726000
 2.0608501000
 2.0607078000
 2.0604367000
 2.0601707000
 2.0599318000
 2.0597115000
 2.0595064000
 2.0593140000
 2.0591404000
 2.0589747000
 2.0588198000
 2.0586805000
 2.0585477000
 2.0584314000
 2.0583150000
 2.0582120000
 2.0581098000
 2.0579982000
 2.0578928000
 2.0578036000
 2.0577302000
 2.0576584000
 2.0575888000
 2.0575159000
 2.0574453000
 2.0573778000
 2.0573182000
 2.0572655000
 2.0572124000
 2.0571682000
 2.0571160000
 2.0570729000
 2.0570462000
 2.0570223000
 2.0569949000
 2.0569506000
 2.0569127000
 2.0568681000
 2.0568295000
 2.0568061000
 2.0567896000
 2.0567565000
 2.0567145000
 2.0566893000
 2.0566602000
 2.0566399000
 2.0566120000
 2.0565889000
 2.0565755000
 2.0565691000
 2.0565498000
 2.0565329000
 2.0565090000
 2.0564797000
 2.0564599000
 2.0564368000
 2.0564213000
 2.0564113000
 2.0564024000
 2.0563905000
 2.0563710000
 2.0563695000
 2.0563629000
 2.0563498000
 2.0563450000
 2.0563338000
 2.0563200000
 2.0563097000
 2.0563130000
 2.0563092000
 2.0562973000
 2.0562837000
 2.0562658000
 2.0562544000
 2.0562458000
 2.0562460000
 2.0562081000
 2.0561624000
 2.0561244000
 2.0561178000
 2.0560825000
 2.0560434000
 2.0560498000
 2.0560489000
 2.0560267000
 2.0560131000
 2.0560157000
 2.0559969000
 2.0559981000
 2.0559802000
 2.0560124000
 2.0559990000
 2.0559974000
 2.0559664000
 2.0559726000
 2.0559642000
 2.0559399000
 2.0559292000
 2.0559411000
 2.0559576000
 2.0559654000
 2.0559480000
 2.0559273000
 2.0559502000
 2.0559309000
 2.0559428000
 2.0559292000
 2.0559287000
 2.0559556000
 2.0559294000
 2.0559144000
 2.0559244000
 2.0559156000
 2.0559113000
 2.0559063000
 2.0559149000
 2.0558999000
 2.0559127000
 2.0558991000
 2.0558758000
 2.0558889000
 2.0558894000
 2.0558581000
 2.0558894000
 2.0558681000
 2.0558722000
 2.0558796000
 2.0558901000
 2.0558810000
 2.0558908000
 2.0558984000
 2.0558813000
 2.0558660000
 2.0558825000
 2.0558922000
 2.0558774000
 2.0558562000
 2.0558763000
 2.0558667000
 2.0558739000
 2.0558484000
 2.0558560000
 2.0558746000
 2.0558853000
 2.0558844000
 2.0558736000
 2.0558641000
 2.0558596000
 2.0558488000
 2.0558870000
 2.0558693000
 2.0558586000
 2.0558531000
 2.0558565000
 2.0558484000
 2.0558488000
 2.0558484000
 2.0558546000
 2.0558388000
 2.0558488000
 2.0558491000
 2.0558486000
 2.0558565000
 2.0558548000
 2.0558457000
 2.0558512000
 2.0558429000
 2.0558565000
 2.0558548000
 2.0558410000
 2.0558555000
 2.0558600000
 2.0558567000
 2.0558572000
 2.0558610000
 2.0558598000
 2.0558660000
 2.0558693000
 2.0558791000
 2.0558765000
 2.0558770000
 2.0558753000
 2.0558844000
 2.0558770000
 2.0558913000
 2.0558801000
 2.0558817000
 2.0558853000
 2.0558805000
 2.0558848000
 2.0558839000
 2.0558813000
 2.0558858000
 2.0558884000
 2.0558915000
 2.0558827000
 2.0558844000
 2.0558870000
 2.0558891000
 2.0558753000
 2.0558815000
 2.0558848000
 2.0558817000
 2.0558829000
 2.0558825000
 2.0558903000
 2.0558875000
 2.0558815000
 2.0558903000
 2.0558894000
 2.0558774000
 2.0558739000
 2.0558910000
 2.0558817000
 2.0558777000
 2.0558944000
 2.0558860000
 2.0558801000
 2.0558846000
 2.0558789000
 2.0558736000
 2.0558817000
 2.0558844000
 2.0558796000
 2.0558779000
 2.0558736000