 5.6196475000
 5.6203175000
 5.6197314000
 5.6200666000
 5.6197314000
 5.6193967000
 5.6198988000
 5.6195641000
 5.6196475000
 5.6194801000
 5.6193128000
 5.6197314000
 5.6193967000
 5.6194801000
 5.6190619000
 5.6193967000
 5.6193128000
 5.6193128000
 5.6193128000
 5.6188102000
 5.6193967000
 5.6193128000
 5.6190619000
 5.6192293000
 5.6188936000
 5.6193128000
 5.6191454000
 5.6190619000
 5.6191454000
 5.6188102000
 5.6192293000
 5.6189775000
 5.6190619000
 5.6188936000
 5.6188936000
 5.6191454000
 5.6191454000
 5.6190619000
 5.6187263000
 5.6190619000
 5.6189775000
 5.6187263000
 5.6190619000
 5.6184754000
 5.6191454000
 5.6188102000
 5.6190619000
 5.6187263000
 5.6185589000
 5.6189775000
 5.6188936000
 5.6188102000
 5.6187263000
 5.6185589000
 5.6188936000
 5.6185589000
 5.6189775000
 5.6183081000
 5.6188102000
 5.6186428000
 5.6188102000
 5.6187263000
 5.6183915000
 5.6188102000
 5.6185589000
 5.6185589000
 5.6186428000
 5.6182241000
 5.6188102000
 5.6185589000
 5.6185589000
 5.6185589000
 5.6183081000
 5.6186428000
 5.6184754000
 5.6186428000
 5.6183081000
 5.6184754000
 5.6185589000
 5.6185589000
 5.6185589000
 5.6183081000
 5.6183915000
 5.6186428000
 5.6182241000
 5.6185589000
 5.6179729000
 5.6185589000
 5.6183915000
 5.6185589000
 5.6183915000
 5.6180568000
 5.6184754000
 5.6184754000
 5.6183081000
 5.6183081000
 5.6181407000
 5.6183915000
 5.6181407000
 5.6183915000
 5.6181736000
 5.6181073000
 5.6180902000
 5.6179562000
 5.6179399000
 5.6179399000
 5.6179061000
 5.6179729000
 5.6179399000
 5.6178889000
 5.6178560000
 5.6177726000
 5.6177883000
 5.6177216000
 5.6176209000
 5.6176553000
 5.6176209000
 5.6176209000
 5.6175041000
 5.6175542000
 5.6175375000
 5.6175041000
 5.6175542000
 5.6174374000
 5.6174536000
 5.6173034000
 5.6174040000
 5.6173034000
 5.6173534000
 5.6173205000
 5.6173034000
 5.6173363000
 5.6173205000
 5.6173034000
 5.6172028000
 5.6171861000
 5.6171861000
 5.6171532000
 5.6171026000
 5.6171532000
 5.6170354000
 5.6171360000
 5.6170692000
 5.6170692000
 5.6170692000
 5.6170187000
 5.6170521000
 5.6170187000
 5.6170354000
 5.6170692000
 5.6169515000
 5.6170015000
 5.6169682000
 5.6169515000
 5.6169515000
 5.6169181000
 5.6169353000
 5.6168842000
 5.6168842000
 5.6168675000
 5.6168513000
 5.6169014000
 5.6168675000
 5.6168180000
 5.6168342000
 5.6168675000
 5.6168513000
 5.6168008000
 5.6167836000
 5.6167836000
 5.6167340000
 5.6167169000
 5.6167679000
 5.6167679000
 5.6167340000
 5.6167169000
 5.6166840000
 5.6166506000
 5.6166506000
 5.6166668000
 5.6166205000
 5.6164947000
 5.6163821000
 5.6162920000
 5.6161709000
 5.6160798000
 5.6160207000
 5.6159167000
 5.6158509000
 5.6158028000
 5.6157293000
 5.6156774000
 5.6156306000
 5.6155849000
 5.6155429000
 5.6154981000
 5.6154547000
 5.6154127000
 5.6153798000
 5.6153374000
 5.6152873000
 5.6152520000
 5.6152081000
 5.6151800000
 5.6151700000
 5.6151500000
 5.6151052000
 5.6150794000
 5.6150627000
 5.6150107000
 5.6150179000
 5.6149759000
 5.6149406000
 5.6149235000
 5.6149087000
 5.6148820000
 5.6148634000
 5.6148486000
 5.6148214000
 5.6147742000
 5.6147628000
 5.6147461000
 5.6147432000
 5.6147056000
 5.6146979000
 5.6146679000
 5.6146293000
 5.6146388000
 5.6146173000
 5.6145973000
 5.6145873000
 5.6145673000
 5.6145554000
 5.6145487000
 5.6145072000
 5.6144919000
 5.6144629000
 5.6144514000
 5.6144352000
 5.6144280000
 5.6144314000
 5.6143928000
 5.6143942000
 5.6143827000
 5.6143441000
 5.6143241000
 5.6143212000
 5.6143007000
 5.6142774000
 5.6142640000
 5.6142340000
 5.6142387000
 5.6142387000
 5.6142273000
 5.6141934000
 5.6142054000
 5.6141763000
 5.6141505000
 5.6141691000
 5.6141567000
 5.6141605000
 5.6141605000
 5.6141486000
 5.6141400000
 5.6141100000
 5.6140966000
 5.6140747000
 5.6140947000
 5.6140704000
 5.6140628000
 5.6139984000
 5.6138959000
 5.6137986000
 5.6137071000
 5.6136174000
 5.6135397000
 5.6134825000
 5.6134028000
 5.6133380000
 5.6132693000
 5.6132011000
 5.6131387000
 5.6130919000
 5.6130319000
 5.6129656000
 5.6129141000
 5.6128473000
 5.6128111000
 5.6127572000
 5.6127176000
 5.6126690000
 5.6126399000
 5.6125989000
 5.6125636000
 5.6125064000
 5.6124730000
 5.6124406000
 5.6124015000
 5.6123567000
 5.6123385000
 5.6122923000
 5.6122575000
 5.6122112000
 5.6121984000
 5.6121540000
 5.6121144000
 5.6120892000
 5.6120567000
 5.6120253000
 5.6120076000
 5.6119838000
 5.6119566000
 5.6119270000
 5.6118865000
 5.6118793000
 5.6118565000
 5.6118279000
 5.6118102000
 5.6117678000
 5.6117663000
 5.6117463000
 5.6117225000
 5.6117058000
 5.6116695000
 5.6116371000
 5.6116271000
 5.6116238000
 5.6116066000
 5.6115723000
 5.6115451000
 5.6115260000
 5.6115131000
 5.6115108000
 5.6114879000
 5.6114578000
 5.6114364000
 5.6114244000
 5.6114035000
 5.6113801000
 5.6113677000
 5.6113358000
 5.6113195000
 5.6112990000
 5.6112862000
 5.6112695000
 5.6112509000
 5.6112342000
 5.6112070000
 5.6111889000
 5.6111708000
 5.6111465000
 5.6111245000
 5.6110969000
 5.6110840000
 5.6110668000
 5.6110430000
 5.6110187000
 5.6110010000
 5.6109767000
 5.6109695000
 5.6108866000
 5.6107440000
 5.6106362000
 5.6105237000
 5.6103973000
 5.6102719000
 5.6101317000
 5.6100178000
 5.6099305000
 5.6098504000
 5.6097746000
 5.6097021000
 5.6096201000
 5.6095467000
 5.6094637000
 5.6093855000
 5.6093240000
 5.6092486000
 5.6091719000
 5.6090956000
 5.6090498000
 5.6089997000
 5.6089191000
 5.6088271000
 5.6087389000
 5.6086535000
 5.6085911000
 5.6085343000
 5.6084781000
 5.6083984000
 5.6083403000
 5.6082568000
 5.6081691000
 5.6080809000
 5.6080046000
 5.6079459000
 5.6078777000
 5.6078076000
 5.6077666000
 5.6077266000
 5.6076808000
 5.6076136000
 5.6075196000
 5.6074209000
 5.6073117000
 5.6072106000
 5.6071386000
 5.6070938000
 5.6070561000
 5.6069956000
 5.6069350000
 5.6068611000
 5.6067905000
 5.6067400000
 5.6067052000
 5.6066570000
 5.6065688000
 5.6065259000
 5.6064715000
 5.6063957000
 5.6063209000
 5.6062412000
 5.6061640000
 5.6060710000
 5.6059966000
 5.6059337000
 5.6058707000
 5.6058350000
 5.6058102000
 5.6057568000
 5.6057243000
 5.6056952000
 5.6056557000
 5.6056242000
 5.6055598000
 5.6055088000
 5.6054354000
 5.6053810000
 5.6053410000
 5.6052880000
 5.6052237000
 5.6051307000
 5.6050539000
 5.6049805000
 5.6049047000
 5.6048584000
 5.6048288000
 5.6047950000
 5.6047497000
 5.6047063000
 5.6043925000
 5.6038418000
 5.6033063000
 5.6027822000
 5.6022692000
 5.6016903000
 5.6012878000
 5.6008554000
 5.6003795000
 5.5999365000
 5.5993872000
 5.5989771000
 5.5985479000
 5.5980787000
 5.5976081000
 5.5972476000
 5.5968490000
 5.5963697000
 5.5959177000
 5.5956025000
 5.5951934000
 5.5946836000
 5.5943837000
 5.5939546000
 5.5935535000
 5.5931516000
 5.5927258000
 5.5923500000
 5.5919905000
 5.5915580000
 5.5911489000
 5.5907307000
 5.5904841000
 5.5901670000
 5.5896974000
 5.5893373000
 5.5889544000
 5.5886669000
 5.5882993000
 5.5879107000
 5.5875797000
 5.5872297000
 5.5868530000
 5.5865350000
 5.5862079000
 5.5858693000
 5.5854750000
 5.5850601000
 5.5847516000
 5.5843749000
 5.5840468000
 5.5837421000
 5.5833697000
 5.5831556000
 5.5828109000
 5.5824709000
 5.5821095000
 5.5817690000
 5.5814805000
 5.5810900000
 5.5808206000
 5.5804706000
 5.5801840000
 5.5798864000
 5.5795856000
 5.5792718000
 5.5790067000
 5.5787888000
 5.5784435000
 5.5781188000
 5.5778031000
 5.5775185000
 5.5771928000
 5.5769668000
 5.5766292000
