 5.6587548000
 5.6590900000
 5.6585035000
 5.6594248000
 5.6585875000
 5.6586709000
 5.6578341000
 5.6570802000
 5.6574988000
 5.6566610000
 5.6569128000
 5.6562428000
 5.6574149000
 5.6576662000
 5.6578341000
 5.6585035000
 5.6581688000
 5.6586709000
 5.6582527000
 5.6575823000
 5.6574988000
 5.6562428000
 5.6569128000
 5.6564937000
 5.6561589000
 5.6560755000
 5.6568289000
 5.6571641000
 5.6574988000
 5.6575823000
 5.6575823000
 5.6583362000
 5.6578341000
 5.6576662000
 5.6573315000
 5.6558242000
 5.6570802000
 5.6559916000
 5.6563263000
 5.6554890000
 5.6559916000
 5.6568289000
 5.6568289000
 5.6573315000
 5.6568289000
 5.6578341000
 5.6578341000
 5.6575823000
 5.6574988000
 5.6561589000
 5.6560473000
 5.6567588000
 5.6567736000
 5.6555867000
 5.6567736000
 5.6561170000
 5.6554751000
 5.6565080000
 5.6557956000
 5.6552935000
 5.6562004000
 5.6556149000
 5.6551118000
 5.6560473000
 5.6554608000
 5.6549444000
 5.6555171000
 5.6556702000
 5.6546798000
 5.6551399000
 5.6557121000
 5.6547217000
 5.6547771000
 5.6554890000
 5.6548328000
 5.6545119000
 5.6552935000
 5.6548748000
 5.6544557000
 5.6549311000
 5.6549163000
 5.6543865000
 5.6548052000
 5.6548328000
 5.6542611000
 5.6546655000
 5.6547489000
 5.6542192000
 5.6545959000
 5.6546936000
 5.6541629000
 5.6545119000
 5.6545396000
 5.6541491000
 5.6543865000
 5.6544557000
 5.6540790000
 5.6544285000
 5.6543031000
 5.6540375000
 5.6544704000
 5.6541491000
 5.6541071000
 5.6543722000
 5.6540656000
 5.6541352000
 5.6544142000
 5.6539817000
 5.6541772000
 5.6541352000
 5.6539955000
 5.6542192000
 5.6540375000
 5.6539955000
 5.6542048000
 5.6539116000
 5.6540098000
 5.6541772000
 5.6538839000
 5.6540790000
 5.6540375000
 5.6538839000
 5.6541071000
 5.6538558000
 5.6538982000
 5.6539049000
 5.6537824000
 5.6536870000
 5.6535573000
 5.6534166000
 5.6533046000
 5.6532240000
 5.6531258000
 5.6530294000
 5.6529822000
 5.6528873000
 5.6528387000
 5.6527843000
 5.6527133000
 5.6526432000
 5.6526041000
 5.6525507000
 5.6524644000
 5.6524410000
 5.6523919000
 5.6523390000
 5.6522856000
 5.6522479000
 5.6522169000
 5.6521850000
 5.6521368000
 5.6520801000
 5.6520362000
 5.6520152000
 5.6519871000
 5.6519594000
 5.6519361000
 5.6518908000
 5.6518712000
 5.6518502000
 5.6518068000
 5.6517968000
 5.6517725000
 5.6517344000
 5.6517148000
 5.6516886000
 5.6516619000
 5.6516218000
 5.6515827000
 5.6515779000
 5.6515241000
 5.6515222000
 5.6515012000
 5.6514540000
 5.6514459000
 5.6514387000
 5.6514091000
 5.6513772000
 5.6513619000
 5.6513362000
 5.6512885000
 5.6512923000
 5.6512690000
 5.6512294000
 5.6512046000
 5.6512156000
 5.6511726000
 5.6511707000
 5.6511664000
 5.6511064000
 5.6510887000
 5.6511135000
 5.6510868000
 5.6510420000
 5.6510367000
 5.6510506000
 5.6510148000
 5.6510048000
 5.6509843000
 5.6509709000
 5.6508751000
 5.6507215000
 5.6505604000
 5.6504302000
 5.6503220000
 5.6502213000
 5.6500993000
 5.6500134000
 5.6499152000
 5.6498437000
 5.6497526000
 5.6496706000
 5.6495771000
 5.6495209000
 5.6494517000
 5.6493878000
 5.6493039000
 5.6492233000
 5.6491566000
 5.6491103000
 5.6490450000
 5.6489677000
 5.6489129000
 5.6488733000
 5.6488295000
 5.6487660000
 5.6486940000
 5.6486516000
 5.6486063000
 5.6485610000
 5.6485071000
 5.6484494000
 5.6484151000
 5.6483941000
 5.6483293000
 5.6482720000
 5.6482315000
 5.6481881000
 5.6481543000
 5.6481009000
 5.6480536000
 5.6480088000
 5.6479759000
 5.6479421000
 5.6479096000
 5.6478753000
 5.6478581000
 5.6478357000
 5.6478004000
 5.6477528000
 5.6477218000
 5.6476927000
 5.6476736000
 5.6476293000
 5.6475945000
 5.6475682000
 5.6475563000
 5.6475325000
 5.6475048000
 5.6474853000
 5.6474829000
 5.6474729000
 5.6474447000
 5.6474147000
 5.6473904000
 5.6473808000
 5.6473575000
 5.6473165000
 5.6472988000
 5.6472864000
 5.6472802000
 5.6472540000
 5.6472492000
 5.6472192000
 5.6472135000
 5.6471047000
 5.6469030000
 5.6466856000
 5.6464887000
 5.6462970000
 5.6461272000
 5.6459742000
 5.6458311000
 5.6456985000
 5.6455417000
 5.6453981000
 5.6452799000
 5.6451621000
 5.6450515000
 5.6449380000
 5.6448326000
 5.6447339000
 5.6446333000
 5.6445322000
 5.6444206000
 5.6442952000
 5.6441727000
 5.6440516000
 5.6439199000
 5.6438022000
 5.6436834000
 5.6435795000
 5.6434546000
 5.6433387000
 5.6432595000
 5.6431684000
 5.6431098000
 5.6430593000
 5.6429491000
 5.6428599000
 5.6427560000
 5.6426411000
 5.6425462000
 5.6424327000
 5.6423435000
 5.6422472000
 5.6421270000
 5.6420388000
 5.6419463000
 5.6418424000
 5.6417341000
 5.6416278000
 5.6415615000
 5.6415219000
 5.6414504000
 5.6413746000
 5.6412783000
 5.6411815000
 5.6411114000
 5.6410375000
 5.6409965000
 5.6409402000
 5.6408577000
 5.6407890000
 5.6407056000
 5.6406007000
 5.6404996000
 5.6403852000
 5.6402788000
 5.6401730000
 5.6400733000
 5.6399922000
 5.6399117000
 5.6398382000
 5.6397672000
 5.6396689000
 5.6395955000
 5.6395249000
 5.6394563000
 5.6393881000
 5.6389837000
 5.6382375000
 5.6373415000
 5.6366925000
 5.6360388000
 5.6353550000
 5.6347003000
 5.6340742000
 5.6334257000
 5.6327305000
 5.6322126000
 5.6315355000
 5.6309185000
 5.6302800000
 5.6296477000
 5.6291614000
 5.6286449000
 5.6280107000
 5.6274939000
 5.6268873000
 5.6262584000
 5.6257987000
 5.6253090000
 5.6246829000
 5.6241312000
 5.6236610000
 5.6231637000
 5.6227388000
 5.6222339000
 5.6216645000
 5.6211987000
 5.6206803000
 5.6201472000
 5.6197524000
 5.6193280000
 5.6188421000
 5.6184430000
 5.6178899000
 5.6174455000
 5.6169443000
 5.6165662000
 5.6161008000
 5.6157322000
 5.6151962000
 5.6148171000
 5.6143432000
 5.6138892000
 5.6135983000
 5.6131015000
 5.6128268000
 5.6123013000
 5.6119804000
 5.6114979000
 5.6111298000
 5.6107149000
 5.6103058000
 5.6099582000
 5.6096554000
 5.6093359000
 5.6088676000
 5.6084576000
 5.6080508000
 5.6077833000
 5.6074123000
 5.6070547000
 5.6067939000
 5.6064038000
 5.6060667000
 5.6057215000
 5.6054473000
 5.6050663000
 5.6046615000
 5.6043997000
 5.6040382000
 5.6036692000
 5.6020322000
 5.5991502000
 5.5965266000
 5.5941277000
 5.5918994000
 5.5898781000
 5.5880632000
 5.5863605000
 5.5848083000
 5.5834379000
 5.5821180000
 5.5809264000
 5.5798349000
 5.5788107000
 5.5779324000
 5.5770802000
 5.5762749000
 5.5755806000
 5.5749588000
 5.5743570000
 5.5738029000
 5.5732675000
 5.5728636000
 5.5724001000
 5.5720592000
 5.5716462000
 5.5713282000
 5.5710378000
 5.5707517000
 5.5704951000
 5.5702786000
 5.5700674000
 5.5698376000
 5.5696959000
 5.5694804000
 5.5693369000
 5.5692072000
 5.5690918000
 5.5689230000
 5.5688672000
 5.5687599000
 5.5686312000
 5.5685763000
 5.5685053000
 5.5684109000
 5.5683699000
 5.5683050000
 5.5682325000
 5.5681777000
 5.5681691000
 5.5681186000
 5.5680275000
 5.5680380000
 5.5680027000
 5.5679760000
 5.5679688000
 5.5679631000
 5.5678854000
 5.5678945000
 5.5678887000
 5.5678277000
 5.5678272000
 5.5678382000
 5.5678596000
 5.5678163000
 5.5678444000
 5.5678549000
 5.5678039000
 5.5677719000
 5.5678015000
 5.5677757000
 5.5678082000
 5.5677919000
 5.5677919000
 5.5678077000
