 2.0715070000
 2.0713394000
 2.0712557000
 2.0713394000
 2.0708370000
 2.0713394000
 2.0714233000
 2.0712557000
 2.0711720000
 2.0709207000
 2.0714233000
 2.0712557000
 2.0710881000
 2.0710881000
 2.0708370000
 2.0711720000
 2.0711720000
 2.0710044000
 2.0710044000
 2.0708370000
 2.0712557000
 2.0710881000
 2.0710044000
 2.0710044000
 2.0706694000
 2.0711720000
 2.0710881000
 2.0710044000
 2.0710044000
 2.0706694000
 2.0710044000
 2.0710044000
 2.0707531000
 2.0708370000
 2.0705857000
 2.0710044000
 2.0708370000
 2.0708370000
 2.0709207000
 2.0705018000
 2.0710044000
 2.0708370000
 2.0706694000
 2.0705857000
 2.0705018000
 2.0710044000
 2.0708370000
 2.0706694000
 2.0707531000
 2.0705857000
 2.0708370000
 2.0706694000
 2.0705018000
 2.0706694000
 2.0704181000
 2.0708370000
 2.0707531000
 2.0705018000
 2.0706694000
 2.0703344000
 2.0708370000
 2.0705857000
 2.0705857000
 2.0705857000
 2.0705018000
 2.0707531000
 2.0705018000
 2.0704181000
 2.0706694000
 2.0702505000
 2.0707531000
 2.0704181000
 2.0703344000
 2.0705018000
 2.0702505000
 2.0705857000
 2.0703344000
 2.0703344000
 2.0705857000
 2.0702505000
 2.0705857000
 2.0704181000
 2.0704181000
 2.0705018000
 2.0701668000
 2.0706694000
 2.0704181000
 2.0704181000
 2.0705018000
 2.0701668000
 2.0705018000
 2.0703344000
 2.0703344000
 2.0705018000
 2.0701668000
 2.0704181000
 2.0703344000
 2.0704181000
 2.0703344000
 2.0702505000
 2.0703008000
 2.0703008000
 2.0702338000
 2.0702171000
 2.0700998000
 2.0700831000
 2.0700495000
 2.0700159000
 2.0699992000
 2.0699825000
 2.0699825000
 2.0699658000
 2.0699155000
 2.0698485000
 2.0698988000
 2.0698485000
 2.0697646000
 2.0698152000
 2.0697479000
 2.0697145000
 2.0697145000
 2.0697312000
 2.0696139000
 2.0696139000
 2.0695806000
 2.0695972000
 2.0695806000
 2.0695133000
 2.0695469000
 2.0694966000
 2.0695133000
 2.0695302000
 2.0694129000
 2.0694466000
 2.0693626000
 2.0694296000
 2.0693626000
 2.0692790000
 2.0692286000
 2.0692620000
 2.0692620000
 2.0692790000
 2.0692620000
 2.0692956000
 2.0692286000
 2.0692120000
 2.0691953000
 2.0692453000
 2.0691783000
 2.0691280000
 2.0691617000
 2.0691280000
 2.0690613000
 2.0690780000
 2.0690107000
 2.0690107000
 2.0689940000
 2.0689774000
 2.0689607000
 2.0689440000
 2.0689104000
 2.0689774000
 2.0689607000
 2.0689607000
 2.0689270000
 2.0688937000
 2.0689104000
 2.0688601000
 2.0688434000
 2.0688434000
 2.0687931000
 2.0687931000
 2.0687931000
 2.0687428000
 2.0687764000
 2.0687931000
 2.0687261000
 2.0687094000
 2.0687764000
 2.0686927000
 2.0686591000
 2.0684984000
 2.0683911000
 2.0682855000
 2.0681784000
 2.0680745000
 2.0679889000
 2.0678918000
 2.0677779000
 2.0677259000
 2.0676053000
 2.0675249000
 2.0674729000
 2.0673676000
 2.0673308000
 2.0672452000
 2.0671766000
 2.0671432000
 2.0670543000
 2.0669956000
 2.0669756000
 2.0668986000
 2.0668750000
 2.0668147000
 2.0667627000
 2.0667191000
 2.0666654000
 2.0666487000
 2.0665801000
 2.0665400000
 2.0665181000
 2.0664628000
 2.0664194000
 2.0663841000
 2.0663457000
 2.0663304000
 2.0662971000
 2.0662417000
 2.0662031000
 2.0661864000
 2.0661364000
 2.0660744000
 2.0660858000
 2.0659938000
 2.0660088000
 2.0659871000
 2.0659270000
 2.0659401000
 2.0658717000
 2.0658598000
 2.0658448000
 2.0657911000
 2.0657744000
 2.0657527000
 2.0657139000
 2.0657175000
 2.0656788000
 2.0656385000
 2.0656404000
 2.0655568000
 2.0655699000
 2.0655499000
 2.0655198000
 2.0655062000
 2.0654576000
 2.0654376000
 2.0654259000
 2.0653841000
 2.0653992000
 2.0653286000
 2.0653205000
 2.0653169000
 2.0652969000
 2.0652635000
 2.0652719000
 2.0652299000
 2.0652049000
 2.0651813000
 2.0651596000
 2.0651462000
 2.0651443000
 2.0651178000
 2.0650976000
 2.0650859000
 2.0650859000
 2.0650573000
 2.0650253000
 2.0650156000
 2.0650156000
 2.0649652000
 2.0649080000
 2.0647542000
 2.0646248000
 2.0644984000
 2.0643773000
 2.0642669000
 2.0641668000
 2.0640800000
 2.0639811000
 2.0638981000
 2.0638134000
 2.0637393000
 2.0636666000
 2.0636039000
 2.0635228000
 2.0634611000
 2.0634029000
 2.0633507000
 2.0632968000
 2.0632377000
 2.0631723000
 2.0631163000
 2.0630672000
 2.0630350000
 2.0629909000
 2.0629287000
 2.0628781000
 2.0628302000
 2.0627887000
 2.0627475000
 2.0626898000
 2.0626323000
 2.0625908000
 2.0625584000
 2.0625188000
 2.0624669000
 2.0624306000
 2.0623848000
 2.0623548000
 2.0623260000
 2.0622854000
 2.0622449000
 2.0621955000
 2.0621574000
 2.0621264000
 2.0620894000
 2.0620654000
 2.0620182000
 2.0619774000
 2.0619445000
 2.0619173000
 2.0618865000
 2.0618517000
 2.0618153000
 2.0617750000
 2.0617580000
 2.0617328000
 2.0616925000
 2.0616524000
 2.0616291000
 2.0615954000
 2.0615687000
 2.0615547000
 2.0615408000
 2.0614924000
 2.0614505000
 2.0614390000
 2.0614107000
 2.0613742000
 2.0613518000
 2.0613220000
 2.0612867000
 2.0612688000
 2.0612538000
 2.0612216000
 2.0611963000
 2.0611610000
 2.0611298000
 2.0611115000
 2.0610936000
 2.0610702000
 2.0610204000
 2.0610042000
 2.0609827000
 2.0609612000
 2.0609415000
 2.0609195000
 2.0608878000
 2.0608635000
 2.0608454000
 2.0607138000
 2.0604963000
 2.0602775000
 2.0600734000
 2.0598836000
 2.0597024000
 2.0595450000
 2.0593891000
 2.0592427000
 2.0591009000
 2.0589814000
 2.0588629000
 2.0587447000
 2.0586264000
 2.0585127000
 2.0584028000
 2.0582964000
 2.0581951000
 2.0581040000
 2.0580070000
 2.0579226000
 2.0578570000
 2.0577898000
 2.0577242000
 2.0576572000
 2.0575974000
 2.0575287000
 2.0574734000
 2.0574176000
 2.0573597000
 2.0573058000
 2.0572612000
 2.0572119000
 2.0571783000
 2.0571358000
 2.0571070000
 2.0570738000
 2.0570326000
 2.0569901000
 2.0569472000
 2.0569234000
 2.0569141000
 2.0568998000
 2.0568783000
 2.0568540000
 2.0568254000
 2.0567920000
 2.0567579000
 2.0567358000
 2.0567193000
 2.0567000000
 2.0566838000
 2.0566661000
 2.0566413000
 2.0566068000
 2.0565844000
 2.0565732000
 2.0565658000
 2.0565531000
 2.0565350000
 2.0565150000
 2.0565054000
 2.0564923000
 2.0564818000
 2.0564690000
 2.0564640000
 2.0564368000
 2.0564108000
 2.0563917000
 2.0563843000
 2.0563681000
 2.0563743000
 2.0563688000
 2.0563741000
 2.0563707000
 2.0563715000
 2.0563564000
 2.0563397000
 2.0563343000
 2.0563118000
 2.0563245000
 2.0563226000
 2.0563211000
 2.0563147000
 2.0562949000
 2.0562768000
 2.0562584000
 2.0562525000
 2.0562451000
 2.0562339000
 2.0562096000
 2.0561631000
 2.0561140000
 2.0561237000
 2.0561104000
 2.0560839000
 2.0560901000
 2.0560393000
 2.0560484000
 2.0560145000
 2.0560219000
 2.0560315000
 2.0560338000
 2.0560193000
 2.0560217000
 2.0560002000
 2.0559840000
 2.0560110000
 2.0559769000
 2.0559866000
 2.0559824000
 2.0559547000
 2.0559673000
 2.0559764000
 2.0559833000
 2.0559652000
 2.0559824000
 2.0559530000
 2.0559304000
 2.0559411000
 2.0559578000
 2.0559416000
 2.0559464000
 2.0559456000
 2.0559583000
 2.0559437000
 2.0559657000
 2.0559549000
 2.0559359000
 2.0559316000
 2.0559042000
 2.0559072000
 2.0559497000
 2.0559235000
 2.0559299000
 2.0559165000
 2.0559180000
 2.0559323000
 2.0559309000
 2.0559106000
 2.0559134000
 2.0559251000
 2.0559037000
 2.0558939000
 2.0559058000
 2.0559015000
 2.0559127000
 2.0558949000
 2.0558794000
 2.0558727000
 2.0559106000
 2.0558970000
 2.0559287000
 2.0559187000
 2.0559022000
 2.0558946000
 2.0558863000
 2.0558887000
 2.0558965000
 2.0558877000
 2.0558748000
 2.0558786000
 2.0558944000
 2.0558755000
 2.0558796000