 5.6580505000
 5.6560946000
 5.6551781000
 5.6546097000
 5.6542277000
 5.6539712000
 5.6537466000
 5.6535354000
 5.6533489000
 5.6531916000
 5.6530499000
 5.6529307000
 5.6528163000
 5.6526604000
 5.6525207000
 5.6524243000
 5.6523447000
 5.6522546000
 5.6521502000
 5.6520491000
 5.6519718000
 5.6519032000
 5.6518626000
 5.6518025000
 5.6517158000
 5.6516380000
 5.6515841000
 5.6515226000
 5.6514907000
 5.6514297000
 5.6513352000
 5.6512508000
 5.6512103000
 5.6511664000
 5.6511140000
 5.6510420000
 5.6509824000
 5.6509376000
 5.6509156000
 5.6509080000
 5.6508470000
 5.6507897000
 5.6507421000
 5.6507044000
 5.6506820000
 5.6506453000
 5.6506052000
 5.6505208000
 5.6504784000
 5.6504755000
 5.6504397000
 5.6504040000
 5.6503606000
 5.6503072000
 5.6502800000
 5.6502705000
 5.6502562000
 5.6502137000
 5.6501646000
 5.6501427000
 5.6501427000
 5.6501245000
 5.6501036000
 5.6500568000
 5.6500077000
 5.6499739000
 5.6499748000
 5.6499567000
 5.6499276000
 5.6498933000
 5.6498537000
 5.6498470000
 5.6498437000
 5.6498237000
 5.6497755000
 5.6497383000
 5.6497073000
 5.6497006000
 5.6496964000
 5.6496725000
 5.6496158000
 5.6495814000
 5.6495771000
 5.6495581000
 5.6495452000
 5.6495314000
 5.6494927000
 5.6494570000
 5.6494703000
 5.6494818000
 5.6494474000
 5.6493974000
 5.6493835000
 5.6493597000
 5.6493492000
 5.6493502000
 5.6492996000
 5.6492448000
 5.6492314000
 5.6492319000
 5.6491637000
 5.6489639000
 5.6488047000
 5.6486120000
 5.6484876000
 5.6483369000
 5.6482167000
 5.6480966000
 5.6480079000
 5.6479368000
 5.6478453000
 5.6477261000
 5.6476274000
 5.6474748000
 5.6473670000
 5.6472526000
 5.6471324000
 5.6470437000
 5.6469154000
 5.6468444000
 5.6467333000
 5.6466322000
 5.6465383000
 5.6464524000
 5.6463714000
 5.6463327000
 5.6462698000
 5.6462297000
 5.6461148000
 5.6460366000
 5.6459303000
 5.6458440000
 5.6457438000
 5.6456337000
 5.6455417000
 5.6454449000
 5.6453495000
 5.6452608000
 5.6451640000
 5.6450896000
 5.6450462000
 5.6450067000
 5.6449828000
 5.6448879000
 5.6448183000
 5.6446986000
 5.6446142000
 5.6445222000
 5.6444325000
 5.6443276000
 5.6442327000
 5.6441369000
 5.6440592000
 5.6439543000
 5.6438894000
 5.6438093000
 5.6437402000
 5.6436749000
 5.6435747000
 5.6435094000
 5.6434317000
 5.6433644000
 5.6432815000
 5.6431937000
 5.6431117000
 5.6430306000
 5.6429324000
 5.6428833000
 5.6427879000
 5.6427655000
 5.6427360000
 5.6427097000
 5.6426773000
 5.6426182000
 5.6425638000
 5.6424909000
 5.6424117000
 5.6423469000
 5.6422482000
 5.6421728000
 5.6420794000
 5.6419921000
 5.6419277000
 5.6418138000
 5.6417704000
 5.6416774000
 5.6416082000
 5.6415257000
 5.6414466000
 5.6413565000
 5.6410022000
 5.6404052000
 5.6398358000
 5.6392636000
 5.6386342000
 5.6379290000
 5.6373158000
 5.6368432000
 5.6362619000
 5.6357727000
 5.6350913000
 5.6344724000
 5.6339860000
 5.6333985000
 5.6329679000
 5.6323915000
 5.6319160000
 5.6313934000
 5.6309094000
 5.6303029000
 5.6298480000
 5.6293540000
 5.6288443000
 5.6283035000
 5.6279249000
 5.6273379000
 5.6268988000
 5.6264668000
 5.6258841000
 5.6253562000
 5.6250038000
 5.6245527000
 5.6239963000
 5.6235576000
 5.6230774000
 5.6226721000
 5.6222334000
 5.6217818000
 5.6213570000
 5.6209188000
 5.6204576000
 5.6199861000
 5.6194487000
 5.6191397000
 5.6186762000
 5.6183152000
 5.6177249000
 5.6172929000
 5.6168528000
 5.6164165000
 5.6159968000
 5.6155748000
 5.6151323000
 5.6147733000
 5.6143184000
 5.6139803000
 5.6135678000
 5.6131825000
 5.6127925000
 5.6124220000
 5.6119971000
 5.6115541000
 5.6110892000
 5.6107607000
 5.6104159000
 5.6100035000
 5.6096344000
 5.6092358000
 5.6088395000
 5.6084299000
 5.6079965000
 5.6075993000
 5.6071725000
 5.6068635000
 5.6065192000
 5.6061249000
 5.6057258000
 5.6053591000
 5.6050377000
 5.6047535000
 5.6044188000
 5.6039882000
 5.6036496000
 5.6033621000
 5.6028447000
 5.6025229000
 5.6023154000
 5.6019106000
 5.6014400000
 5.6010742000
 5.5993080000
 5.5960226000
 5.5929036000
 5.5899348000
 5.5871191000
 5.5844398000
 5.5818815000
 5.5794020000
 5.5770936000
 5.5748858000
 5.5727301000
 5.5707703000
 5.5688286000
 5.5669456000
 5.5652356000
 5.5635238000
 5.5619555000
 5.5603991000
 5.5589981000
 5.5575557000
 5.5562634000
 5.5549545000
 5.5537214000
 5.5526128000
 5.5514793000
 5.5504656000
 5.5494213000
 5.5485001000
 5.5475364000
 5.5466485000
 5.5458260000
 5.5450220000
 5.5442643000
 5.5435085000
 5.5427971000
 5.5421543000
 5.5414810000
 5.5409069000
 5.5403023000
 5.5397191000
 5.5392165000
 5.5386734000
 5.5382586000
 5.5377159000
 5.5372915000
 5.5368676000
 5.5365019000
 5.5360847000
 5.5357194000
 5.5352945000
 5.5349736000
 5.5346437000
 5.5343337000
 5.5340214000
 5.5337729000
 5.5334859000
 5.5332451000
 5.5329762000
 5.5327573000
 5.5325379000
 5.5322881000
 5.5320640000
 5.5318961000
 5.5317130000
 5.5315142000
 5.5313220000
 5.5311804000
 5.5310016000
 5.5309153000
 5.5306787000
 5.5305781000
 5.5304222000
 5.5303049000
 5.5301709000
 5.5300431000
 5.5299215000
 5.5298562000
 5.5297732000
 5.5296440000
 5.5295048000
 5.5294666000
 5.5293403000
 5.5292678000
 5.5292177000
 5.5291128000
 5.5290532000
 5.5289531000
 5.5289359000
 5.5288258000
 5.5288072000
 5.5284982000
 5.5281034000
 5.5278277000
 5.5276470000
 5.5275202000
 5.5274391000
 5.5273695000
 5.5273299000
 5.5272965000
 5.5272689000
 5.5272512000
 5.5272226000
 5.5272141000
 5.5271883000
 5.5271788000
 5.5271554000
 5.5271568000
 5.5271320000
 5.5271072000
 5.5270905000
 5.5270696000
 5.5270524000
 5.5270405000
 5.5270171000
 5.5270004000
 5.5269976000
 5.5269942000
 5.5269990000
 5.5269966000
 5.5269823000
 5.5269790000
 5.5269680000
 5.5269728000
 5.5269756000
 5.5269527000
 5.5269370000
 5.5269465000
 5.5269465000
 5.5269370000
 5.5269380000
 5.5269389000
 5.5269380000
 5.5269365000
 5.5269237000
 5.5269227000
 5.5269876000
 5.5269947000
 5.5269942000
 5.5269742000
 5.5269384000
 5.5269041000
 5.5268908000
 5.5268788000
 5.5268788000
 5.5268564000
 5.5268545000
 5.5268631000
 5.5268583000
 5.5268583000
 5.5269303000
 5.5269542000
 5.5269704000
 5.5269656000
 5.5269403000
 5.5269313000
 5.5269384000
 5.5269079000
 5.5269022000
 5.5268745000
 5.5268531000
 5.5268378000
 5.5268464000
 5.5268488000
 5.5268488000
 5.5268269000
 5.5268102000
 5.5267911000
 5.5267825000
 5.5267491000
 5.5267434000
 5.5267606000
 5.5267458000
 5.5267453000
 5.5267415000
 5.5267363000
 5.5267200000
 5.5267348000
 5.5267243000
 5.5267324000
 5.5267267000
